Category	Term	Count	%	PValue	Genes	List Total	Pop Hits	Pop Total	Fold Enrichment	Bonferroni	Benjamini	FDR
SMART	SM00589:PRY	10	3.6900369003690034	3.15972938310124E-6	115542760, 115542680, 115532556, 115558714, 115558944, 115541733, 115541317, 115540803, 115546826, 115542318	78	96	5985	7.992788461538461	2.464289126636876E-4	2.464588918818967E-4	2.4013943311569424E-4
SMART	SM01288:FISNA	8	2.952029520295203	6.98733537253877E-6	115546105, 115532556, 115547918, 115546781, 115541733, 115541317, 115540803, 115546826	78	57	5985	10.769230769230768	5.448655699705762E-4	2.72506079529012E-4	2.655187441564733E-4
GOTERM_CC_DIRECT	GO:0072562~blood microparticle	6	2.214022140221402	1.1084520976474427E-5	115535233, 115549327, 115530778, 115530616, 115530615, 115555905	139	23	10308	19.34563653425086	6.980849171086545E-4	6.983248215178889E-4	6.983248215178889E-4
INTERPRO	IPR006574:PRY	10	3.6900369003690034	1.706569736055283E-5	115542760, 115542680, 115532556, 115558714, 115558944, 115541733, 115541317, 115540803, 115546826, 115542318	169	97	10953	6.681510400780821	0.007887282007055907	0.005493009313156101	0.005386463873892297
INTERPRO	IPR029495:NACHT-assoc	8	2.952029520295203	2.444309836033916E-5	115546105, 115532556, 115547918, 115546781, 115541733, 115541317, 115540803, 115546826	169	57	10953	9.096231703519152	0.011277661232181768	0.005493009313156101	0.005386463873892297
SMART	SM00368:LRR_RI	8	2.952029520295203	3.993278406967876E-5	115546105, 115532556, 115547918, 115546781, 115541733, 115541317, 115540803, 115546826	78	74	5985	8.295218295218294	0.0031099733325565815	0.0010382523858116477	0.0010116305297651952
INTERPRO	IPR041075:NOD2_WH	8	2.952029520295203	4.263649595793486E-5	115546105, 115532556, 115547918, 115546781, 115541733, 115541317, 115540803, 115546826	169	62	10953	8.362664630654704	0.019589341576708552	0.005493009313156101	0.005386463873892297
INTERPRO	IPR041267:NLRP_HD2	8	2.952029520295203	4.735352856169052E-5	115546105, 115532556, 115547918, 115546781, 115541733, 115541317, 115540803, 115546826	169	63	10953	8.229923922231615	0.02173291921865972	0.005493009313156101	0.005386463873892297
UP_SEQ_FEATURE	DOMAIN:NACHT	8	2.952029520295203	6.514333259394582E-5	115546105, 115532556, 115547918, 115546781, 115541733, 115541317, 115540803, 115546826	156	67	10226	7.827018752391886	0.00978873896237109	0.0059066736994271805	0.0059066736994271805
SMART	SM00449:SPRY	9	3.3210332103321036	6.936180396443111E-5	115542760, 115542680, 115558714, 115558944, 115541733, 115541317, 115540803, 115546826, 115542318	78	109	5985	6.335568101623148	0.005395798450366196	0.0013525551773064066	0.001317874275324191
INTERPRO	IPR007111:NACHT_NTPase	8	2.952029520295203	7.07034408979857E-5	115546105, 115532556, 115547918, 115546781, 115541733, 115541317, 115540803, 115546826	169	67	10953	7.738585180605846	0.03227522588419429	0.006561279315333073	0.006434013121716699
UP_SEQ_FEATURE	DOMAIN:B30.2/SPRY	10	3.6900369003690034	7.823408873413484E-5	115542760, 115542680, 115532556, 115558714, 115558944, 115541733, 115541317, 115540803, 115546826, 115542318	156	119	10226	5.508511096746391	0.011744300469936797	0.0059066736994271805	0.0059066736994271805
INTERPRO	IPR001870:B30.2/SPRY	10	3.6900369003690034	8.662956322808929E-5	115542760, 115542680, 115532556, 115558714, 115558944, 115541733, 115541317, 115540803, 115546826, 115542318	169	119	10953	5.446273183829745	0.03940064242317276	0.006699352889638905	0.006569408544796771
INTERPRO	IPR003879:Butyrophylin_SPRY	9	3.3210332103321036	1.2638517412101266E-4	115542760, 115542680, 115532556, 115558714, 115558944, 115541733, 115540803, 115546826, 115542318	169	98	10953	5.95199855089965	0.05695985614569121	0.008293184953192857	0.008132325762290409
INTERPRO	IPR043136:B30.2/SPRY_sf	10	3.6900369003690034	1.4298594746884236E-4	115542760, 115542680, 115532556, 115558714, 115558944, 115541733, 115541317, 115540803, 115546826, 115542318	169	127	10953	5.103200857289288	0.06419693315692432	0.008293184953192857	0.008132325762290409
INTERPRO	IPR003877:SPRY_dom	9	3.3210332103321036	3.3843369967580077E-4	115542760, 115542680, 115558714, 115558944, 115541733, 115541317, 115540803, 115546826, 115542318	169	113	10953	5.161910247682882	0.145347064046789	0.017448137405507953	0.01710970370583215
GOTERM_BP_DIRECT	GO:0006955~immune response	8	2.952029520295203	6.930797095932773E-4	115535447, 115556025, 115554288, 115539281, 115553583, 115548506, 115535452, 115534317	129	114	9844	5.355093159254726	0.12645654287392882	0.12396470020381643	0.12332570690379675
GOTERM_CC_DIRECT	GO:0016020~membrane	59	21.771217712177123	7.722451935554831E-4	115553583, 115536920, 115556612, 115533815, 115531513, 115553987, 115541283, 115545124, 115540395, 115542015, 115549522, 115540157, 115550597, 115557385, 115550591, 115536361, 115532994, 115555253, 115554288, 115529861, 115553433, 115534179, 115548244, 115535428, 115544568, 115548841, 115547950, 115529469, 115551372, 115557323, 115542949, 115557526, 115532980, 115556115, 115540092, 115549022, 115542391, 115543881, 115544531, 115545465, 115550730, 115547401, 115537077, 115546517, 115535524, 115534633, 115560988, 115531163, 115560388, 115559757, 115557216, 115554742, 115561079, 115534317, 115537706, 115539281, 115540422, 115531162, 115557452	139	3003	10308	1.4569890541113562	0.047504829460647935	0.02432572359699772	0.02432572359699772
INTERPRO	IPR013320:ConA-like_dom_sf	11	4.059040590405904	8.361209735519271E-4	115542760, 115542680, 115532556, 115558714, 115558944, 115553696, 115541733, 115541317, 115540803, 115546826, 115542318	169	195	10953	3.6559854346836596	0.3216706981390577	0.03879601317280942	0.038043504296612685
UP_KW_BIOLOGICAL_PROCESS	KW-0391~Immunity	7	2.5830258302583027	9.396171018166814E-4	115542760, 115542680, 115548506, 115558714, 115558944, 115546781, 115542318	36	92	2717	5.742451690821256	0.025062183634108615	0.025369661749050396	0.025369661749050396
GOTERM_BP_DIRECT	GO:0042744~hydrogen peroxide catabolic process	4	1.4760147601476015	0.0012779866000393447	115530778, 115530616, 115550591, 115530615	129	17	9844	17.95531235750114	0.22070589657332373	0.12396470020381643	0.12332570690379675
INTERPRO	IPR002337:Hemoglobin_b	3	1.107011070110701	0.002268725137979311	115530778, 115530616, 115530615	169	5	10953	38.88639053254438	0.651418913720317	0.09569895127476365	0.09384272161641695
GOTERM_CC_DIRECT	GO:0005615~extracellular space	16	5.904059040590406	0.002391021663476215	115538924, 115535447, 115556025, 115531166, 115560933, 115553583, 115557228, 115556239, 115531685, 115557348, 115528753, 115542093, 115547950, 115549327, 115534020, 115535452	139	492	10308	2.411651166871381	0.1399929889530388	0.05021145493300051	0.05021145493300051
GOTERM_BP_DIRECT	GO:0042981~regulation of apoptotic process	6	2.214022140221402	0.002397591780547116	115541781, 115560668, 115529267, 115541785, 115542988, 115546781	129	72	9844	6.359173126614987	0.37380394386245075	0.15504426847538016	0.15424507121519776
INTERPRO	IPR000169:Pept_cys_AS	4	1.4760147601476015	0.0028669288429566003	115556025, 115559787, 115553583, 115534020	169	19	10953	13.644347555278728	0.7360948468491304	0.11085458192765521	0.10870438529543776
INTERPRO	IPR027370:Znf-RING_euk	6	2.214022140221402	0.003827082228610578	115542760, 115542680, 115558714, 115558944, 115533815, 115542318	169	68	10953	5.7185868430212325	0.8312223060169563	0.1365973964673314	0.13394787800137023
UP_KW_CELLULAR_COMPONENT	KW-0472~Membrane	62	22.878228782287824	0.00387193599304547	115553583, 115536920, 115556338, 115533815, 115552533, 115531513, 115553987, 115554758, 115546171, 115541283, 115545124, 115540395, 115542499, 115542015, 115549522, 115540157, 115550597, 115557385, 115536361, 115532994, 115554288, 115529861, 115553433, 115534179, 115548244, 115546781, 115535428, 115548841, 115547950, 115551372, 115557323, 115542949, 115557526, 115532980, 115556115, 115540092, 115549022, 115542391, 115543881, 115544531, 115545465, 115547401, 115537077, 115551065, 115546517, 115535524, 115534633, 115531166, 115560988, 115531163, 115560388, 115559757, 115557216, 115554742, 115561079, 115534317, 115537706, 115539281, 115548506, 115540422, 115531162, 115557452	79	3616	5685	1.233862159740114	0.06382295788074199	0.06582291188177299	0.06582291188177299
GOTERM_CC_DIRECT	GO:0005833~hemoglobin complex	3	1.107011070110701	0.0047259112415519	115530778, 115530616, 115530615	139	8	10308	27.809352517985616	0.25802383658880224	0.05954648164355394	0.05954648164355394
GOTERM_CC_DIRECT	GO:0031838~haptoglobin-hemoglobin complex	3	1.107011070110701	0.0047259112415519	115530778, 115530616, 115530615	139	8	10308	27.809352517985616	0.25802383658880224	0.05954648164355394	0.05954648164355394
GOTERM_MF_DIRECT	GO:0043177~organic acid binding	3	1.107011070110701	0.006191971744879457	115530778, 115530616, 115530615	163	8	10535	24.236963190184053	0.6455804830809007	0.5170296406974346	0.5170296406974346
GOTERM_MF_DIRECT	GO:0031720~haptoglobin binding	3	1.107011070110701	0.006191971744879457	115530778, 115530616, 115530615	163	8	10535	24.236963190184053	0.6455804830809007	0.5170296406974346	0.5170296406974346
SMART	SM00645:Pept_C1	3	1.107011070110701	0.006877007486006774	115556025, 115553583, 115534020	78	10	5985	23.01923076923077	0.4162366027520732	0.10728131678170567	0.10453051378730296
UP_SEQ_FEATURE	DOMAIN:Peptidase C1A papain C-terminal	3	1.107011070110701	0.007663263581757139	115556025, 115553583, 115534020	156	9	10226	21.85042735042735	0.6870179276114982	0.3431966894088113	0.3431966894088113
INTERPRO	IPR025660:Pept_his_AS	3	1.107011070110701	0.007843983316336501	115556025, 115553583, 115534020	169	9	10953	21.60355029585799	0.974111537166279	0.25997201848429546	0.2549294577809363
GOTERM_BP_DIRECT	GO:0015671~oxygen transport	3	1.107011070110701	0.00854495276286641	115530778, 115530616, 115530615	129	11	9844	20.81183932346723	0.8123967064802655	0.3420103899875606	0.3402474498329856
GOTERM_BP_DIRECT	GO:0043123~positive regulation of I-kappaB kinase/NF-kappaB signaling	4	1.4760147601476015	0.008814700772875274	115545168, 115556981, 115557348, 115531538	129	33	9844	9.249706365985435	0.822091714727039	0.3420103899875606	0.3402474498329856
INTERPRO	IPR013128:Peptidase_C1A	3	1.107011070110701	0.00970673774290425	115556025, 115553583, 115534020	169	10	10953	19.44319526627219	0.9891753357396063	0.2649368419239748	0.2597979807659667
INTERPRO	IPR000668:Peptidase_C1A_C	3	1.107011070110701	0.00970673774290425	115556025, 115553583, 115534020	169	10	10953	19.44319526627219	0.9891753357396063	0.2649368419239748	0.2597979807659667
INTERPRO	IPR025661:Pept_asp_AS	3	1.107011070110701	0.00970673774290425	115556025, 115553583, 115534020	169	10	10953	19.44319526627219	0.9891753357396063	0.2649368419239748	0.2597979807659667
INTERPRO	IPR012292:Globin/Proto	3	1.107011070110701	0.011745068127201972	115530778, 115530616, 115530615	169	11	10953	17.675632060247445	0.9958388676665677	0.30276175616787304	0.2968892221042721
SMART	SM00336:BBOX	5	1.8450184501845017	0.012840347436576598	115542760, 115542680, 115558714, 115558944, 115542318	78	71	5985	5.403575297941495	0.635063818249773	0.16692451667549577	0.16264440086330356
UP_SEQ_FEATURE	BINDING:proximal binding residue	3	1.107011070110701	0.013636954546045481	115530778, 115530616, 115530615	156	12	10226	16.387820512820515	0.8742361800125469	0.3431966894088113	0.3431966894088113
UP_SEQ_FEATURE	BINDING:distal binding residue	3	1.107011070110701	0.013636954546045481	115530778, 115530616, 115530615	156	12	10226	16.387820512820515	0.8742361800125469	0.3431966894088113	0.3431966894088113
UP_SEQ_FEATURE	DOMAIN:Globin family profile	3	1.107011070110701	0.013636954546045481	115530778, 115530616, 115530615	156	12	10226	16.387820512820515	0.8742361800125469	0.3431966894088113	0.3431966894088113
INTERPRO	IPR000971:Globin	3	1.107011070110701	0.013953215910235626	115530778, 115530616, 115530615	169	12	10953	16.202662721893493	0.9985261619939093	0.3237146091174665	0.3174356619578605
INTERPRO	IPR009050:Globin-like_sf	3	1.107011070110701	0.013953215910235626	115530778, 115530616, 115530615	169	12	10953	16.202662721893493	0.9985261619939093	0.3237146091174665	0.3174356619578605
GOTERM_MF_DIRECT	GO:0019825~oxygen binding	3	1.107011070110701	0.014018298016406704	115530778, 115530616, 115530615	163	12	10535	16.1579754601227	0.9053547471221376	0.5852639421849799	0.5852639421849799
GOTERM_MF_DIRECT	GO:0005344~oxygen transporter activity	3	1.107011070110701	0.014018298016406704	115530778, 115530616, 115530615	163	12	10535	16.1579754601227	0.9053547471221376	0.5852639421849799	0.5852639421849799
INTERPRO	IPR017907:Znf_RING_CS	7	2.5830258302583027	0.016517152275130658	115542760, 115542680, 115556981, 115558714, 115558944, 115533815, 115542318	169	133	10953	3.411086888819683	0.999559657507652	0.3649504121743155	0.35787163262783095
GOTERM_CC_DIRECT	GO:0009897~external side of plasma membrane	6	2.214022140221402	0.016547939372488843	115535447, 115545168, 115539281, 115542015, 115544061, 115535452	139	111	10308	4.008555317907836	0.6504967145657614	0.17375336341113284	0.17375336341113284
UP_KW_DOMAIN	KW-0732~Signal	41	15.129151291512915	0.01729400098040399	115538924, 115560933, 115553583, 115536920, 115555640, 115535233, 115556115, 115556858, 115552533, 115540092, 115542093, 115555905, 115544531, 115545124, 115540395, 115542015, 115547401, 115549327, 115534020, 115556025, 115531166, 115560988, 115535223, 115560388, 115553696, 115531685, 115556247, 115555314, 115528753, 115548244, 115546781, 115535428, 115539905, 115539281, 115548506, 115545954, 115547950, 115545237, 115529469, 115546627, 115554162	93	1914	5886	1.3557488118111032	0.18888340482688193	0.14449018032556488	0.14449018032556488
GOTERM_BP_DIRECT	GO:0051603~proteolysis involved in cellular protein catabolic process	3	1.107011070110701	0.020082216182956747	115556025, 115553583, 115534020	129	17	9844	13.466484268125855	0.9808583359487084	0.6265695267954501	0.6233397869666075
SMART	SM00184:RING	7	2.5830258302583027	0.021068570326774956	115542760, 115542680, 115556981, 115558714, 115558944, 115533815, 115542318	78	169	5985	3.1781975421028674	0.8100334067957312	0.23476406935549235	0.22874447783355667
INTERPRO	IPR032675:LRR_dom_sf	9	3.3210332103321036	0.021561428285370648	115546105, 115531166, 115532556, 115547918, 115546781, 115541733, 115541317, 115540803, 115546826	169	223	10953	2.615676493220474	0.9999594888886834	0.45475012383690816	0.4459295395383475
UP_KW_DOMAIN	KW-1133~Transmembrane helix	36	13.284132841328415	0.024081696720927477	115557323, 115553583, 115536920, 115533815, 115552533, 115531513, 115553987, 115540092, 115542391, 115541283, 115545124, 115540395, 115542015, 115549522, 115547401, 115550597, 115537077, 115552070, 115557385, 115551065, 115536361, 115534633, 115560988, 115529861, 115559757, 115553433, 115557216, 115548244, 115535428, 115537706, 115539281, 115548506, 115548841, 115547950, 115540422, 115551372	93	1655	5886	1.376707923204366	0.2536173097870611	0.14449018032556488	0.14449018032556488
GOTERM_BP_DIRECT	GO:0006581~acetylcholine catabolic process	2	0.7380073800738007	0.025837918630740208	115557228, 115528753	129	2	9844	76.31007751937985	0.9939314060224218	0.6265695267954501	0.6233397869666075
GOTERM_BP_DIRECT	GO:0019695~choline metabolic process	2	0.7380073800738007	0.025837918630740208	115557228, 115528753	129	2	9844	76.31007751937985	0.9939314060224218	0.6265695267954501	0.6233397869666075
UP_SEQ_FEATURE	DOMAIN:B box-type	5	1.8450184501845017	0.026904249440083756	115542760, 115542680, 115558714, 115558944, 115542318	156	75	10226	4.37008547008547	0.9837260873654258	0.5350380374893525	0.5350380374893525
GOTERM_MF_DIRECT	GO:0004601~peroxidase activity	3	1.107011070110701	0.02747351951332687	115530778, 115530616, 115530615	163	17	10535	11.4056297365572	0.990460190410206	0.7379188258322615	0.7379188258322615
INTERPRO	IPR000315:Znf_B-box	5	1.8450184501845017	0.027978472455823102	115542760, 115542680, 115558714, 115558944, 115542318	169	75	10953	4.3207100591715975	0.999998087462701	0.5613626854158005	0.550474185052132
UP_SEQ_FEATURE	DOMAIN:Ig-like	9	3.3210332103321036	0.028346386092151125	115547898, 115545124, 115540395, 115536920, 115560988, 115554758, 115548244, 115535428, 115554162	156	238	10226	2.478829993535876	0.9869913564156467	0.5350380374893525	0.5350380374893525
INTERPRO	IPR001611:Leu-rich_rpt	8	2.952029520295203	0.029138920651877728	115546105, 115531166, 115532556, 115547918, 115541733, 115541317, 115540803, 115546826	169	193	10953	2.686451850262133	0.9999989012718098	0.5613626854158005	0.550474185052132
INTERPRO	IPR007110:Ig-like_dom	9	3.3210332103321036	0.030245834343523733	115547898, 115545124, 115540395, 115536920, 115560988, 115554758, 115548244, 115535428, 115554162	169	238	10953	2.4508229327233853	0.9999993528463965	0.5613626854158005	0.550474185052132
GOTERM_MF_DIRECT	GO:0003990~acetylcholinesterase activity	2	0.7380073800738007	0.03051960298754543	115557228, 115528753	163	2	10535	64.6319018404908	0.9943503915665762	0.7379188258322615	0.7379188258322615
UP_KW_LIGAND	KW-0479~Metal-binding	25	9.22509225092251	0.0325251282557229	115559787, 115553681, 115558714, 115559889, 115557721, 115533815, 115549022, 115543881, 115542318, 115558198, 115534633, 115535865, 115557136, 115556981, 115558944, 115553696, 115532232, 115530778, 115530616, 115542760, 115542680, 115550304, 115548841, 115542345, 115560418	39	1333	2835	1.363321599630677	0.2815493551343067	0.325251282557229	0.325251282557229
INTERPRO	IPR038765:Papain-like_cys_pep_sf	5	1.8450184501845017	0.0330141883978243	115550934, 115556025, 115559787, 115553583, 115534020	169	79	10953	4.101939929593288	0.9999998282379401	0.5891762852534799	0.5777482969619253
GOTERM_MF_DIRECT	GO:0020037~heme binding	5	1.8450184501845017	0.03460184254335891	115534633, 115530778, 115530616, 115550591, 115530615	163	80	10535	4.039493865030675	0.9972075863354821	0.7379188258322615	0.7379188258322615
GOTERM_MF_DIRECT	GO:0004197~cysteine-type endopeptidase activity	4	1.4760147601476015	0.03534940483028798	115556025, 115532366, 115553583, 115534020	163	47	10535	5.500587390680068	0.9975464432336515	0.7379188258322615	0.7379188258322615
GOTERM_MF_DIRECT	GO:0030594~neurotransmitter receptor activity	3	1.107011070110701	0.040763712148489346	115542949, 115556338, 115556115	163	21	10535	9.23312883435583	0.9990415374333761	0.756393325421969	0.756393325421969
GOTERM_BP_DIRECT	GO:0007186~G-protein coupled receptor signaling pathway	8	2.952029520295203	0.042845741712251785	115544531, 115545465, 115554288, 115542499, 115534179, 115557452, 115534317, 115549022	129	248	9844	2.4616154038509626	0.9998043510667491	0.9235637657974274	0.9188031278293993
GOTERM_BP_DIRECT	GO:0036065~fucosylation	2	0.7380073800738007	0.05101332087868384	115536361, 115560063	129	4	9844	38.15503875968992	0.9999632106022399	0.9896584250464665	0.9845570929585982
PIR_SUPERFAMILY	PIRSF005557:Sialyl_trans	2	0.7380073800738007	0.05656214223271604	115540157, 115531513	11	6	1038	31.454545454545457	0.441358758811627	0.5656214223271604	0.5656214223271604
SMART	SM00848:Inhibitor_I29	2	0.7380073800738007	0.06271385494120987	115556025, 115553583	78	5	5985	30.692307692307693	0.9936021891992439	0.6114600856767962	0.5957816219414938
UP_KW_BIOLOGICAL_PROCESS	KW-0561~Oxygen transport	2	0.7380073800738007	0.0628161570008797	115530778, 115530616	36	5	2717	30.188888888888886	0.8265120141818341	0.8480181195118759	0.8480181195118759
GOTERM_BP_DIRECT	GO:0006144~purine nucleobase metabolic process	2	0.7380073800738007	0.06335786304647861	115537638, 115555640	129	5	9844	30.524031007751937	0.9999971366801637	1.0	1.0
GOTERM_BP_DIRECT	GO:0030890~positive regulation of B cell proliferation	2	0.7380073800738007	0.06335786304647861	115545168, 115537077	129	5	9844	30.524031007751937	0.9999971366801637	1.0	1.0
UP_KW_LIGAND	KW-0349~Heme	4	1.4760147601476015	0.07270575596968552	115534633, 115530778, 115530616, 115530615	39	73	2835	3.983140147523709	0.5299158154762649	0.36352877984842763	0.36352877984842763
UP_SEQ_FEATURE	DOMAIN:Cathepsin propeptide inhibitor	2	0.7380073800738007	0.07353823747424532	115556025, 115553583	156	5	10226	26.220512820512816	0.9999902061728547	1.0	1.0
INTERPRO	IPR036179:Ig-like_dom_sf	8	2.952029520295203	0.07376559887780608	115545124, 115540395, 115536920, 115560988, 115554758, 115548244, 115535428, 115554162	169	238	10953	2.178509273531898	0.9999999999999997	1.0	0.9827213822894169
INTERPRO	IPR013201:Prot_inhib_I29	2	0.7380073800738007	0.07438767108975604	115556025, 115553583	169	5	10953	25.924260355029585	0.9999999999999998	1.0	0.9827213822894169
INTERPRO	IPR039417:Peptidase_C1A_papain-like	2	0.7380073800738007	0.07438767108975604	115556025, 115553583	169	5	10953	25.924260355029585	0.9999999999999998	1.0	0.9827213822894169
INTERPRO	IPR013783:Ig-like_fold	11	4.059040590405904	0.0753518453560592	115550934, 115547898, 115545124, 115540395, 115536920, 115560988, 115542015, 115554758, 115548244, 115535428, 115554162	169	388	10953	1.8374153602147258	0.9999999999999999	1.0	0.9827213822894169
UP_SEQ_FEATURE	DOMAIN:G-protein coupled receptors family 1 profile	8	2.952029520295203	0.07767690523953386	115545465, 115554288, 115542949, 115557526, 115534179, 115557452, 115534317, 115549022	156	244	10226	2.1492223623371163	0.9999950186667746	1.0	1.0
INTERPRO	IPR000276:GPCR_Rhodpsn	8	2.952029520295203	0.07768580089714122	115545465, 115554288, 115542949, 115557526, 115534179, 115557452, 115534317, 115549022	169	241	10953	2.1513909008323306	1.0	1.0	0.9827213822894169
INTERPRO	IPR013106:Ig_V-set	4	1.4760147601476015	0.08059041049098778	115554758, 115548244, 115535428, 115554162	169	66	10953	3.9279182356105435	1.0	1.0	0.9827213822894169
INTERPRO	IPR017452:GPCR_Rhodpsn_7TM	8	2.952029520295203	0.08172620683006859	115545465, 115554288, 115542949, 115557526, 115534179, 115557452, 115534317, 115549022	169	244	10953	2.124939373363081	1.0	1.0	0.9827213822894169
UP_SEQ_FEATURE	DOMAIN:RING-type	7	2.5830258302583027	0.08203631981637691	115542760, 115542680, 115556981, 115558714, 115558944, 115533815, 115542318	156	199	10226	2.30582399175364	0.9999975641515809	1.0	1.0
INTERPRO	IPR001841:Znf_RING	7	2.5830258302583027	0.08747091923052983	115542760, 115542680, 115556981, 115558714, 115558944, 115533815, 115542318	169	200	10953	2.268372781065089	1.0	1.0	0.9827213822894169
INTERPRO	IPR020405:Atypical_DUSP_subfamA	2	0.7380073800738007	0.08859144084218686	115531373, 115553732	169	6	10953	21.60355029585799	1.0	1.0	0.9827213822894169
INTERPRO	IPR000010:Cystatin_dom	2	0.7380073800738007	0.08859144084218686	115549327, 115555905	169	6	10953	21.60355029585799	1.0	1.0	0.9827213822894169
INTERPRO	IPR012163:Sialyl_trans	2	0.7380073800738007	0.08859144084218686	115540157, 115531513	169	6	10953	21.60355029585799	1.0	1.0	0.9827213822894169
