Category	Term	Count	%	PValue	Genes	List Total	Pop Hits	Pop Total	Fold Enrichment	Bonferroni	Benjamini	FDR
GOTERM_CC_DIRECT	GO:0005576~extracellular region	19	8.837209302325581	7.817015165749465E-6	115531122, 115555640, 115535233, 115556858, 115549158, 115554758, 115532729, 115531639, 115531825, 115555905, 115541041, 115544981, 115546646, 115550931, 115548506, 115549327, 115529348, 115541107, 115546638	120	475	10308	3.4359999999999995	4.767261188195482E-4	4.7683792511071734E-4	4.7683792511071734E-4
UP_KW_DOMAIN	KW-0732~Signal	41	19.069767441860467	1.7215075431232753E-5	115553583, 115561648, 115555640, 115556337, 115535233, 115556335, 115556858, 115552533, 115532729, 115529072, 115531639, 115542093, 115555905, 115559281, 115547401, 115549327, 115534020, 115541107, 115546638, 115531122, 115556025, 115533682, 115535223, 115555334, 115531685, 115530612, 115548244, 115552207, 115535428, 115531825, 115539905, 115545454, 115544981, 115539281, 115546646, 115548506, 115547950, 115546905, 115529348, 115540763, 115546627	71	1914	5886	1.7758399929356703	1.8934953085070205E-4	1.8936582974356028E-4	1.8936582974356028E-4
SMART	SM00368:LRR_RI	8	3.7209302325581395	1.9383096516885078E-5	115546105, 115544462, 115542285, 115532556, 115531388, 115541733, 115541317, 115546826	70	74	5985	9.243243243243242	0.0012784788172445216	0.0012792843701144151	0.001240518177080645
SMART	SM01288:FISNA	7	3.255813953488372	4.303746249512085E-5	115546105, 115544462, 115542285, 115532556, 115541733, 115541317, 115546826	70	57	5985	10.5	0.0028365031512476158	0.001420236262338988	0.0013771987998438672
UP_KW_PTM	KW-1015~Disulfide bond	21	9.767441860465116	4.46211396417223E-5	115531122, 115556025, 115553583, 115561648, 115556337, 115555797, 115531685, 115556335, 115554758, 115532729, 115531639, 115531825, 115549022, 115541041, 115544981, 115539281, 115550931, 115559281, 115547950, 115534020, 115529348	29	592	1756	2.147949673811743	3.569133728181795E-4	4.0159025677550067E-4	4.0159025677550067E-4
INTERPRO	IPR029495:NACHT-assoc	7	3.255813953488372	5.045136249026836E-5	115546105, 115544462, 115542285, 115532556, 115541733, 115541317, 115546826	129	57	10953	10.427172582619338	0.017899902363824216	0.006936805075882843	0.00664615681851345
INTERPRO	IPR042235:ZP-C	5	2.3255813953488373	7.457570133475741E-5	115561648, 115559281, 115547950, 115531685, 115529072	129	20	10953	21.22674418604651	0.026345826739814227	0.006936805075882843	0.00664615681851345
INTERPRO	IPR041075:NOD2_WH	7	3.255813953488372	8.149042919755207E-5	115546105, 115544462, 115542285, 115532556, 115541733, 115541317, 115546826	129	62	10953	9.586271567891973	0.028753287773350067	0.006936805075882843	0.00664615681851345
SMART	SM00241:ZP	5	2.3255813953488373	8.35351774216073E-5	115561648, 115559281, 115547950, 115531685, 115529072	70	21	5985	20.357142857142854	0.005498380269158942	0.0017335779061513304	0.0016810452423285628
INTERPRO	IPR041267:NLRP_HD2	7	3.255813953488372	8.921441900474583E-5	115546105, 115544462, 115542285, 115532556, 115541733, 115541317, 115546826	129	63	10953	9.434108527131782	0.031435486698292325	0.006936805075882843	0.00664615681851345
SMART	SM00589:PRY	8	3.7209302325581395	1.0506532764553517E-4	115542760, 115544462, 115542285, 115532556, 115558714, 115541733, 115541317, 115546826	70	96	5985	7.125	0.006910686547761058	0.0017335779061513304	0.0016810452423285628
INTERPRO	IPR001507:ZP_dom	5	2.3255813953488373	1.105740761269227E-4	115561648, 115559281, 115547950, 115531685, 115529072	129	22	10953	19.29704016913319	0.03881435335888905	0.006936805075882843	0.00664615681851345
UP_SEQ_FEATURE	DOMAIN:ZP	5	2.3255813953488373	1.1569657971233395E-4	115561648, 115559281, 115547950, 115531685, 115529072	122	22	10226	19.04992548435171	0.013217744554061883	0.0077169551426065	0.007582747227082909
INTERPRO	IPR007111:NACHT_NTPase	7	3.255813953488372	1.2613720579383357E-4	115546105, 115544462, 115542285, 115532556, 115541733, 115541317, 115546826	129	67	10953	8.87087816730302	0.044155434854963205	0.006936805075882843	0.00664615681851345
UP_SEQ_FEATURE	DOMAIN:NACHT	7	3.255813953488372	1.342079155235913E-4	115546105, 115544462, 115542285, 115532556, 115541733, 115541317, 115546826	122	67	10226	8.757279177881086	0.015316437780875769	0.0077169551426065	0.007582747227082909
INTERPRO	IPR006574:PRY	8	3.7209302325581395	1.3563585343905E-4	115542760, 115544462, 115542285, 115532556, 115558714, 115541733, 115541317, 115546826	129	97	10953	7.002637257252458	0.0474007032964705	0.006936805075882843	0.00664615681851345
INTERPRO	IPR001870:B30.2/SPRY	8	3.7209302325581395	4.7852886830210945E-4	115542760, 115544462, 115542285, 115532556, 115558714, 115541733, 115541317, 115546826	129	119	10953	5.708032050029314	0.15747701659461688	0.0214141668565194	0.020516925228452942
UP_SEQ_FEATURE	DOMAIN:B30.2/SPRY	8	3.7209302325581395	5.117652291943028E-4	115542760, 115544462, 115542285, 115532556, 115558714, 115541733, 115541317, 115546826	122	119	10226	5.634935941589751	0.05716884752257545	0.019617667119114942	0.01927649029965207
INTERPRO	IPR043136:B30.2/SPRY_sf	8	3.7209302325581395	7.068180800979553E-4	115542760, 115544462, 115542285, 115532556, 115558714, 115541733, 115541317, 115546826	129	127	10953	5.348470976011719	0.22363331777766016	0.028115652519452	0.026937622385955408
INTERPRO	IPR003879:Butyrophylin_SPRY	7	3.255813953488372	9.911592170005934E-4	115542760, 115544462, 115542285, 115532556, 115558714, 115541733, 115546826	129	98	10953	6.0647840531561465	0.2988342450874032	0.03548349996862124	0.03399676114312035
INTERPRO	IPR000169:Pept_cys_AS	4	1.8604651162790697	0.001317371342384968	115556025, 115559787, 115553583, 115534020	129	19	10953	17.87515299877601	0.37620273691653094	0.042874449143074415	0.04107803367618582
SMART	SM00449:SPRY	7	3.255813953488372	0.0015017227209766	115542760, 115544462, 115542285, 115558714, 115541733, 115541317, 115546826	70	109	5985	5.490825688073396	0.09442773202560739	0.01982273991689112	0.01922205082850048
INTERPRO	IPR013320:ConA-like_dom_sf	9	4.186046511627907	0.0020233076727255274	115531122, 115542760, 115544462, 115542285, 115532556, 115558714, 115541733, 115541317, 115546826	129	195	10953	3.918783542039356	0.5157131692619563	0.05684709519393042	0.05446523366345847
INTERPRO	IPR003877:SPRY_dom	7	3.255813953488372	0.0020642799930756855	115542760, 115544462, 115542285, 115558714, 115541733, 115541317, 115546826	129	113	10953	5.259724223091171	0.5227792242566556	0.05684709519393042	0.05446523366345847
INTERPRO	IPR038765:Papain-like_cys_pep_sf	6	2.7906976744186047	0.0022768906240302803	115550934, 115556025, 115559787, 115553583, 115539931, 115534020	129	79	10953	6.448631145128054	0.5578279555262297	0.05822334595734574	0.05578382028874187
INTERPRO	IPR036404:Jacalin-like_lectin_dom_sf	3	1.3953488372093024	0.0036234799791614518	115549208, 115541041, 115550931	129	8	10953	31.840116279069765	0.7273487369057025	0.08107536453373748	0.07767835205327363
INTERPRO	IPR001229:Jacalin-like_lectin_dom	3	1.3953488372093024	0.0036234799791614518	115549208, 115541041, 115550931	129	8	10953	31.840116279069765	0.7273487369057025	0.08107536453373748	0.07767835205327363
UP_SEQ_FEATURE	DOMAIN:Jacalin-type lectin	3	1.3953488372093024	0.0037111062465494723	115549208, 115541041, 115550931	122	8	10226	31.432377049180328	0.34790895736412153	0.10669430458829733	0.1048387514650226
INTERPRO	IPR025660:Pept_his_AS	3	1.3953488372093024	0.0046232183006656765	115556025, 115553583, 115534020	129	9	10953	28.30232558139535	0.8096612609866982	0.09735953833166543	0.09328022806637218
UP_SEQ_FEATURE	DOMAIN:Peptidase C1A papain C-terminal	3	1.3953488372093024	0.0047346003103728405	115556025, 115553583, 115534020	122	9	10226	27.93989071038251	0.42060571881237585	0.10889580713857533	0.1070019670144262
SMART	SM00645:Pept_C1	3	1.3953488372093024	0.005553339909953312	115556025, 115553583, 115534020	70	10	5985	25.650000000000002	0.3075657033295889	0.061086739009486433	0.059235625706168665
INTERPRO	IPR013128:Peptidase_C1A	3	1.3953488372093024	0.0057349749991036075	115556025, 115553583, 115534020	129	10	10953	25.472093023255812	0.8724224615974876	0.10265605248395457	0.09835482123462685
INTERPRO	IPR025661:Pept_asp_AS	3	1.3953488372093024	0.0057349749991036075	115556025, 115553583, 115534020	129	10	10953	25.472093023255812	0.8724224615974876	0.10265605248395457	0.09835482123462685
INTERPRO	IPR000668:Peptidase_C1A_C	3	1.3953488372093024	0.0057349749991036075	115556025, 115553583, 115534020	129	10	10953	25.472093023255812	0.8724224615974876	0.10265605248395457	0.09835482123462685
INTERPRO	IPR001611:Leu-rich_rpt	8	3.7209302325581395	0.007457183028911307	115546105, 115544462, 115542285, 115532556, 115531388, 115541733, 115541317, 115546826	129	193	10953	3.5194601759248103	0.9314145868948652	0.1271272154452499	0.12180065613888467
GOTERM_BP_DIRECT	GO:0042981~regulation of apoptotic process	5	2.3255813953488373	0.00821769608722599	115541274, 115560668, 115529267, 115541785, 115542988	110	72	9844	6.214646464646465	0.7999266558326993	1.0	1.0
UP_KW_CELLULAR_COMPONENT	KW-0964~Secreted	10	4.651162790697675	0.008961901727994163	115544981, 115555640, 115535233, 115540156, 115529348, 115532729, 115529072, 115531639, 115531825, 115542093	64	325	5685	2.7331730769230766	0.13414413154905802	0.1433904276479066	0.1433904276479066
GOTERM_BP_DIRECT	GO:0051603~proteolysis involved in cellular protein catabolic process	3	1.3953488372093024	0.014824617995200086	115556025, 115553583, 115534020	110	17	9844	15.792513368983958	0.9456571467091102	1.0	1.0
INTERPRO	IPR032675:LRR_dom_sf	8	3.7209302325581395	0.01564875003310932	115546105, 115544462, 115542285, 115532556, 115531388, 115541733, 115541317, 115546826	129	223	10953	3.0459901971008447	0.9964703246148713	0.25464784144786984	0.24397823915256805
GOTERM_MF_DIRECT	GO:0004197~cysteine-type endopeptidase activity	4	1.8604651162790697	0.019658327161766527	115556025, 115532366, 115553583, 115534020	130	47	10535	6.896890343698854	0.9415240366897152	1.0	1.0
INTERPRO	IPR000276:GPCR_Rhodpsn	8	3.7209302325581395	0.02288615509239589	115554288, 115557526, 115533909, 115534179, 115552698, 115561651, 115557452, 115549022	129	241	10953	2.81848885457879	0.9997485974028086	0.3466197326154688	0.33209655946118943
INTERPRO	IPR005830:Aerolysn	2	0.9302325581395349	0.023237077046847073	115541041, 115550931	129	2	10953	84.90697674418604	0.9997789343001677	0.3466197326154688	0.33209655946118943
INTERPRO	IPR017452:GPCR_Rhodpsn_7TM	8	3.7209302325581395	0.02428533008869674	115554288, 115557526, 115533909, 115534179, 115552698, 115561651, 115557452, 115549022	129	244	10953	2.783835303088067	0.9998494867222225	0.34776592687013735	0.3331947288169193
UP_KW_MOLECULAR_FUNCTION	KW-0788~Thiol protease	4	1.8604651162790697	0.025546162827686455	115556025, 115553583, 115539931, 115534020	51	50	3896	6.111372549019608	0.5278534367501722	0.7408387220029072	0.7408387220029072
UP_SEQ_FEATURE	DOMAIN:G-protein coupled receptors family 1 profile	8	3.7209302325581395	0.025669699092585457	115554288, 115557526, 115533909, 115534179, 115552698, 115561651, 115557452, 115549022	122	244	10226	2.7481859715130343	0.9497409781080473	0.49200256594122127	0.4834459995770261
GOTERM_CC_DIRECT	GO:0005615~extracellular space	12	5.5813953488372094	0.026606349074234908	115556025, 115561648, 115553583, 115556239, 115547950, 115531685, 115549327, 115534020, 115529348, 115532729, 115531639, 115542093	120	492	10308	2.0951219512195123	0.8069814450199615	0.44578818695890277	0.44578818695890277
GOTERM_CC_DIRECT	GO:0072562~blood microparticle	3	1.3953488372093024	0.02854797171518869	115535233, 115549327, 115555905	120	23	10308	11.204347826086957	0.8291154017710971	0.44578818695890277	0.44578818695890277
GOTERM_CC_DIRECT	GO:0005764~lysosome	4	1.8604651162790697	0.02923201225960018	115556025, 115553583, 115534020, 115546638	120	58	10308	5.924137931034482	0.83630242840841	0.44578818695890277	0.44578818695890277
UP_KW_DOMAIN	KW-1133~Transmembrane helix	28	13.023255813953488	0.03692717632114835	115553583, 115561648, 115556337, 115556335, 115533815, 115552533, 115529072, 115542391, 115541283, 115543720, 115559281, 115547401, 115540156, 115557385, 115551065, 115534633, 115533682, 115555334, 115557216, 115530612, 115548244, 115535428, 115537706, 115539281, 115548506, 115547950, 115540321, 115546905	71	1655	5886	1.4025615931236965	0.3389254963773979	0.20309946976631593	0.20309946976631593
GOTERM_BP_DIRECT	GO:0006955~immune response	5	2.3255813953488373	0.03755676544879321	115556025, 115554288, 115539281, 115553583, 115548506	110	114	9844	3.9250398724082936	0.9994270071798279	1.0	1.0
UP_KW_CELLULAR_COMPONENT	KW-0472~Membrane	48	22.325581395348838	0.042648647434718065	115553583, 115561648, 115556337, 115556338, 115557526, 115556335, 115532980, 115533815, 115552698, 115552533, 115554758, 115529072, 115546171, 115549022, 115542391, 115541283, 115543720, 115559281, 115547401, 115533909, 115540156, 115557385, 115551065, 115535524, 115534633, 115554288, 115533682, 115555797, 115555334, 115534179, 115557216, 115530612, 115561651, 115561079, 115548244, 115552207, 115535428, 115531825, 115537706, 115553949, 115539281, 115541032, 115548506, 115547950, 115540321, 115546905, 115531162, 115557452	64	3616	5685	1.1791344026548671	0.5021005079246547	0.3411891794777445	0.3411891794777445
INTERPRO	IPR027370:Znf-RING_euk	4	1.8604651162790697	0.04511165347687082	115542760, 115542285, 115558714, 115533815	129	68	10953	4.99452804377565	0.9999999334683372	0.621152767104606	0.595126813175642
INTERPRO	IPR002401:Cyt_P450_E_grp-I	3	1.3953488372093024	0.05054827426291537	115534633, 115553949, 115556734	129	31	10953	8.216804201050262	0.9999999913842323	0.6702326735601372	0.6421502989696286
INTERPRO	IPR017972:Cyt_P450_CS	3	1.3953488372093024	0.053515642752801525	115534633, 115553949, 115556734	129	32	10953	7.960029069767441	0.9999999971906117	0.6812958841873706	0.6527499672521456
GOTERM_BP_DIRECT	GO:0006144~purine nucleobase metabolic process	2	0.9302325581395349	0.054161881022897235	115537638, 115555640	110	5	9844	35.79636363636363	0.9999807567460263	1.0	1.0
SMART	SM00848:Inhibitor_I29	2	0.9302325581395349	0.05634860704760348	115556025, 115553583	70	5	5985	34.2	0.9782447223214817	0.5312868664488328	0.5151872644352318
INTERPRO	IPR039417:Peptidase_C1A_papain-like	2	0.9302325581395349	0.057091833870450054	115556025, 115553583	129	5	10953	33.96279069767442	0.9999999992754904	0.6812958841873706	0.6527499672521456
INTERPRO	IPR013201:Prot_inhib_I29	2	0.9302325581395349	0.057091833870450054	115556025, 115553583	129	5	10953	33.96279069767442	0.9999999992754904	0.6812958841873706	0.6527499672521456
UP_SEQ_FEATURE	DOMAIN:Cathepsin propeptide inhibitor	2	0.9302325581395349	0.05779032297766424	115556025, 115553583	122	5	10226	33.527868852459015	0.9989359318525268	0.9494124489187695	0.9329009280680084
GOTERM_BP_DIRECT	GO:0034650~cortisol metabolic process	2	0.9302325581395349	0.06464021773911675	115553949, 115556734	110	6	9844	29.83030303030303	0.9999978079772711	1.0	1.0
GOTERM_BP_DIRECT	GO:0006700~C21-steroid hormone biosynthetic process	2	0.9302325581395349	0.06464021773911675	115553949, 115556734	110	6	9844	29.83030303030303	0.9999978079772711	1.0	1.0
GOTERM_BP_DIRECT	GO:0006704~glucocorticoid biosynthetic process	2	0.9302325581395349	0.06464021773911675	115553949, 115556734	110	6	9844	29.83030303030303	0.9999978079772711	1.0	1.0
GOTERM_BP_DIRECT	GO:0071375~cellular response to peptide hormone stimulus	2	0.9302325581395349	0.06464021773911675	115553949, 115556734	110	6	9844	29.83030303030303	0.9999978079772711	1.0	1.0
INTERPRO	IPR000010:Cystatin_dom	2	0.9302325581395349	0.06811597026654959	115549327, 115555905	129	6	10953	28.30232558139535	0.9999999999892465	0.7406461985960017	0.7096135366436552
INTERPRO	IPR036396:Cyt_P450_sf	3	1.3953488372093024	0.06922286794889013	115534633, 115553949, 115556734	129	37	10953	6.8843494657448145	0.9999999999929732	0.7406461985960017	0.7096135366436552
INTERPRO	IPR001128:Cyt_P450	3	1.3953488372093024	0.06922286794889013	115534633, 115553949, 115556734	129	37	10953	6.8843494657448145	0.9999999999929732	0.7406461985960017	0.7096135366436552
INTERPRO	IPR017907:Znf_RING_CS	5	2.3255813953488373	0.07034070042531859	115542760, 115556981, 115542285, 115558714, 115533815	129	133	10953	3.1919916069242875	0.9999999999954299	0.7406461985960017	0.7096135366436552
INTERPRO	IPR027417:P-loop_NTPase	14	6.511627906976744	0.0736663526827261	115532556, 115559778, 115557216, 115553646, 115530704, 115546105, 115544462, 115542285, 115542533, 115542530, 115541733, 115531162, 115541317, 115546826	129	714	10953	1.66484268125855	0.9999999999987331	0.7535015502975984	0.7219302562907158
UP_KW_BIOLOGICAL_PROCESS	KW-0204~Cytolysis	2	0.9302325581395349	0.07726756612135727	115544981, 115548506	32	7	2717	24.25892857142857	0.8548493884140215	1.0	1.0
UP_KW_BIOLOGICAL_PROCESS	KW-0391~Immunity	4	1.8604651162790697	0.08538120164059759	115542760, 115548506, 115542285, 115558714	32	92	2717	3.6915760869565215	0.8825743537884695	1.0	1.0
UP_KW_MOLECULAR_FUNCTION	KW-0675~Receptor	10	4.651162790697675	0.08610965537496512	115554288, 115556337, 115556338, 115533909, 115556335, 115534179, 115552698, 115561651, 115557452, 115549022	51	423	3896	1.8059611551476382	0.9265606912907847	1.0	1.0
INTERPRO	IPR046350:Cystatin_sf	2	0.9302325581395349	0.08978203060190362	115549327, 115555905	129	8	10953	21.22674418604651	0.9999999999999977	0.8928324154300415	0.8554232360125819
GOTERM_BP_DIRECT	GO:0002720~positive regulation of cytokine production involved in immune response	2	0.9302325581395349	0.09539004216446241	115539281, 115544061	110	9	9844	19.886868686868688	0.9999999967643167	1.0	1.0
GOTERM_BP_DIRECT	GO:0046642~negative regulation of alpha-beta T cell proliferation	2	0.9302325581395349	0.09539004216446241	115539281, 115544061	110	9	9844	19.886868686868688	0.9999999967643167	1.0	1.0
GOTERM_BP_DIRECT	GO:2000406~positive regulation of T cell migration	2	0.9302325581395349	0.09539004216446241	115539281, 115544061	110	9	9844	19.886868686868688	0.9999999967643167	1.0	1.0
