Category	Term	Count	%	PValue	Genes	List Total	Pop Hits	Pop Total	Fold Enrichment	Bonferroni	Benjamini	FDR
GOTERM_BP_DIRECT	GO:0006357~regulation of transcription from RNA polymerase II promoter	22	15.942028985507244	4.697989627067963E-5	115561788, 115554452, 115560454, 115533993, 115552268, 115535619, 115534728, 115551919, 115546127, 115541691, 115560090, 115551857, 115546893, 115547235, 115547598, 115548435, 115543015, 115543774, 115543975, 115544987, 115548958, 115534182	95	861	9844	2.6476924017360473	0.00851409005912429	0.008503361224993013	0.008503361224993013
GOTERM_MF_DIRECT	GO:0000981~RNA polymerase II transcription factor activity, sequence-specific DNA binding	20	14.492753623188406	5.0795156995985044E-5	115561788, 115554452, 115560454, 115533993, 115552268, 115535619, 115534728, 115549615, 115541691, 115560090, 115551857, 115546893, 115547235, 115547598, 115548435, 115543015, 115543975, 115544987, 115548958, 115534182	106	697	10535	2.8518448336536646	0.005369953368971281	0.0053842866415744145	0.0053842866415744145
GOTERM_MF_DIRECT	GO:0000978~RNA polymerase II core promoter proximal region sequence-specific DNA binding	18	13.043478260869565	2.531276387614538E-4	115561788, 115554452, 115560454, 115534728, 115553803, 115549615, 115546127, 115541691, 115560090, 115551857, 115540084, 115547235, 115547598, 115548435, 115543975, 115544987, 115548958, 115534182	106	658	10535	2.7187876354877556	0.026478068757515905	0.01341576485435705	0.01341576485435705
GOTERM_MF_DIRECT	GO:0005201~extracellular matrix structural constituent	4	2.898550724637681	0.003212116355594057	115557300, 115550612, 115548346, 115548344	106	30	10535	13.251572327044025	0.2889640907456966	0.11349477789765669	0.11349477789765669
GOTERM_MF_DIRECT	GO:0003700~transcription factor activity, sequence-specific DNA binding	8	5.797101449275362	0.010925542908000165	115560090, 115551857, 115540084, 115546893, 115548435, 115533993, 115535619, 115534728	106	244	10535	3.2585833591091866	0.6879152477242703	0.2582888818660832	0.2582888818660832
GOTERM_MF_DIRECT	GO:0043565~sequence-specific DNA binding	6	4.3478260869565215	0.012183437823871848	115546127, 115540084, 115546893, 115548435, 115543015, 115544987	106	138	10535	4.321164889253486	0.7272980979595662	0.2582888818660832	0.2582888818660832
UP_SEQ_FEATURE	REGION:Disordered	67	48.55072463768116	0.015330156096153976	115555045, 115532401, 115557300, 115557624, 115561366, 115554514, 115551919, 115549367, 115531915, 115532723, 115551968, 115552607, 115542331, 115546893, 115545843, 115548435, 115550991, 115540479, 115533571, 115534182, 115558593, 115558685, 115529663, 115557438, 115552268, 115533608, 115549179, 115549615, 115551857, 115540084, 115548967, 115544121, 115540760, 115547235, 115540286, 115534294, 115541415, 115551375, 115557353, 115534369, 115556751, 115531330, 115554452, 115533993, 115535619, 115534728, 115531579, 115540492, 115560090, 115545342, 115550612, 115542676, 115548699, 115540533, 115537671, 115531560, 115553330, 115557531, 115546483, 115546127, 115551514, 115543015, 115543774, 115536892, 115544987, 115542769, 115552160	85	6877	10226	1.172094535065735	0.7548408982760758	1.0	1.0
UP_KW_CELLULAR_COMPONENT	KW-0964~Secreted	7	5.072463768115942	0.021982664196838638	115535930, 115540716, 115556562, 115545342, 115558685, 115546067, 115549179	40	325	5685	3.061153846153846	0.1629094804038309	0.1758613135747091	0.1758613135747091
GOTERM_CC_DIRECT	GO:0005576~extracellular region	10	7.246376811594203	0.027184243114078775	115551968, 115535930, 115540716, 115556562, 115545342, 115558685, 115531354, 115531579, 115549179, 115554061	94	475	10308	2.308622620380739	0.7025963879388628	0.7833787708655955	0.7833787708655955
INTERPRO	IPR000837:AP-1	2	1.4492753623188406	0.031043156416285567	115551857, 115534728	87	4	10953	62.94827586206896	0.9998710387081966	1.0	1.0
GOTERM_CC_DIRECT	GO:0043256~laminin complex	2	1.4492753623188406	0.03560812594843616	115557300, 115550612	94	4	10308	54.829787234042556	0.7971589434624912	0.7833787708655955	0.7833787708655955
GOTERM_BP_DIRECT	GO:0070831~basement membrane assembly	2	1.4492753623188406	0.0376578899298565	115557300, 115550612	95	4	9844	51.810526315789474	0.9990753716941221	1.0	1.0
INTERPRO	IPR032458:Histone_H2A_CS	2	1.4492753623188406	0.03865392347805341	115532401, 115531915	87	5	10953	50.35862068965517	0.9999862642833016	1.0	1.0
INTERPRO	IPR013854:TF_AP2_C	2	1.4492753623188406	0.046205600732249705	115533993, 115535619	87	6	10953	41.96551724137931	0.9999985373039623	1.0	1.0
INTERPRO	IPR004979:TF_AP2	2	1.4492753623188406	0.046205600732249705	115533993, 115535619	87	6	10953	41.96551724137931	0.9999985373039623	1.0	1.0
UP_SEQ_FEATURE	DOMAIN:Transcription factor AP-2 C-terminal	2	1.4492753623188406	0.04829658262992212	115533993, 115535619	85	6	10226	40.101960784313725	0.9889427222564744	1.0	1.0
UP_SEQ_FEATURE	DOMAIN:Histone H2A C-terminal	2	1.4492753623188406	0.04829658262992212	115532401, 115531915	85	6	10226	40.101960784313725	0.9889427222564744	1.0	1.0
INTERPRO	IPR032454:Histone_H2A_C	2	1.4492753623188406	0.053698641597030486	115532401, 115531915	87	7	10953	35.970443349753694	0.9999998442716657	1.0	1.0
INTERPRO	IPR002119:Histone_H2A	2	1.4492753623188406	0.061133496047193245	115532401, 115531915	87	8	10953	31.47413793103448	0.9999999834235331	1.0	1.0
INTERPRO	IPR033116:TRYPSIN_SER	3	2.1739130434782608	0.06490224273175237	115551968, 115531354, 115554061	87	53	10953	7.126219908913468	0.999999994710771	1.0	1.0
INTERPRO	IPR018114:TRYPSIN_HIS	3	2.1739130434782608	0.06925015255767791	115551968, 115531354, 115554061	87	55	10953	6.867084639498433	0.9999999985921236	1.0	1.0
SMART	SM00414:H2A	2	1.4492753623188406	0.06998138798329312	115532401, 115531915	55	8	5985	27.204545454545453	0.9933023390659398	1.0	1.0
INTERPRO	IPR001314:Peptidase_S1A	3	2.1739130434782608	0.07145933401747866	115551968, 115531354, 115554061	87	56	10953	6.744458128078818	0.9999999992830915	1.0	1.0
INTERPRO	IPR043136:B30.2/SPRY_sf	4	2.898550724637681	0.07797259193660663	115531330, 115546092, 115537444, 115550991	87	127	10953	3.9652457235948955	0.9999999999028936	1.0	1.0
INTERPRO	IPR001254:Trypsin_dom	3	2.1739130434782608	0.08753605073678317	115551968, 115531354, 115554061	87	63	10953	5.995073891625616	0.9999999999949736	1.0	1.0
GOTERM_BP_DIRECT	GO:0006954~inflammatory response	3	2.1739130434782608	0.08801101389581012	115540716, 115545843, 115546067	95	52	9844	5.9781376518218625	0.9999999477476277	1.0	1.0
UP_KW_MOLECULAR_FUNCTION	KW-0645~Protease	5	3.6231884057971016	0.08803903007925701	115551968, 115558644, 115545342, 115531354, 115554061	31	222	3896	2.830572507991863	0.9169463355938274	1.0	1.0
UP_SEQ_FEATURE	DOMAIN:Peptidase S1	3	2.1739130434782608	0.09447055908490769	115551968, 115531354, 115554061	85	63	10226	5.728851540616247	0.9998802889309587	1.0	1.0
INTERPRO	IPR043504:Peptidase_S1_PA_chymotrypsin	3	2.1739130434782608	0.09472864543849858	115551968, 115531354, 115554061	87	66	10953	5.722570532915361	0.9999999999994689	1.0	1.0
